2 3 100
00000000000000000000000000000000000000000000000000
00111000000000000000000000000000000000000000000000
01000100000000000000000000000000000000000000000000
01000000010000010000000000000000000000000000000000
01000000111000111000000000000000000000000000000000
01000000010000010000000000000000000000000000000000
01000100000000000000000000000000000000000000000000
00111000000000000000000000000000000000000000000000
00000000000000000000000000000000000000000000000000
01111001000101000001111100111000010000000000000000
01000101000101000001000001000100010000000000000000
01000101000101000001000001000000010000000000000000
01111001000101000001111000111000010000000000000000
01000101000101000001000000000100010000000000000000
01000101000101000001000001000100000000000000000000
01000100111001111101111100111000010000000000000000
00000000000000000000000000000000000000000000000000
00000000000000000000000000000000000000000000000000
00000000000000000000000000000000000000000000000000
00000000000000000000000000000000000000000000000000
00000000000000000000000000000000000000000000000000
00000000000000000000000000000000000000000000000000
00000000000000000000000000000000000000000000000000
00000000000000000000000000000000000000000000000000
00000000000000000000000000000000000000000000000000
00000000000000000000000000000000000000000000000000
00000000000000000000000000000000000000000000000000
00000000000000000000000000000000000000000000000000
00000000000000000000000000000000000000000000000000
00000000000000000000000000000000000000000000000000
00000000000000000000000000000000000000000000000000
00000000000000000000000000000000000000000000000000
00000000000000000000000000000000000000000000000000
00000000000000000000000000000000000000000000000000
00000000000000000000000000000000000000000000000000
00000000000000000000000000000000000000000000000000
00000000000000000000000000000000000000000000000000
00000000000000000000000000000000000000000000000000
00000000000000000000000000000000000000000000000000
00000000000000000000000000000000000000000000000000
00000000000000000000000000000000000000000000000000
00000000000000000000000000000000000000000000000000
00000000000000000000000000000000000000000000000000
00000000000000000000000000000000000000000000000000
00000000000000000000000000000000000000000000000000
00000000000000000000000000000000000000000000000000
00000000000000000000000000000000000000000000000000
00000000000000000000000000000000000000000000000000
00000000000000000000000000000000000000000000000000
00000000000000000000000000000000000000000000000000
